0 0.671152531059126 0.17926186291739896 0.13592962654362048 0.05975395430579962
0 0.7295597924645881 0.29173989455184535 0.13805352695836462 0.06326889279437604
0 0.7518607468194007 0.4094903339191564 0.13168182571413245 0.08787346221441124
0 0.7497368464046568 0.5281195079086116 0.14017742737310854 0.08963093145869941
0 0.6106213692389201 0.7434094903339192 0.1253101244699001 0.07381370826010553
0 0.31646116179686645 0.18014059753954306 0.12743402488464425 0.07557117750439367
0 0.2654875518430087 0.28119507908611596 0.12318622405515608 0.0667838312829526
0 0.31115141076000624 0.4182776801405976 0.12106232364041201 0.0667838312829526
0 0.2952221576494257 0.5114235500878734 0.1614164315205493 0.06678383128295252
0 0.37274452278758424 0.7337434094903338 0.14230132778785273 0.07908611599297004
2 0.7603563484783771 0.8137082601054482 0.42902788377830214 0.319859402460457
2 0.23362904562184766 0.8163444639718805 0.395045477142397 0.32161687170474523
1 0.49805464725748444 0.5043936731107206 0.8941620746072535 0.9384885764499121
