2 0.7444777559529964 0.8101933216168717 0.38674169140415393 0.32688927943760987
2 0.26830204841163174 0.8295254833040423 0.4495872162573289 0.30228471001757484
0 0.8248478729408766 0.1975072546441559 0.1910174021547293 0.11543803011165274
0 0.8335304821297265 0.3562345460476768 0.18357516570714025 0.10281199556819037
0 0.20466150230863853 0.17676448360846828 0.17117143829449769 0.09559711868621243
0 0.16620994732943978 0.3476668797503292 0.17861367474208453 0.10010641673744892
0 0.899270237416745 0.5081978903743463 0.16124845636438181 0.09649897829645973
0 0.6834453804367263 0.5627603967943071 0.15132547443426603 0.08838224180423417
0 0.10667205574874492 0.5113543990102118 0.1736521837770266 0.10100827634769616
0 0.312573930798648 0.559152958353318 0.17861367474208453 0.0955971186862125
1 0.5003470632541241 0.49209138840070304 0.8750030768018981 0.8998242530755712
