0 0.8344502247072745 0.19332161687170477 0.1407506403120705 0.11950790861159931
0 0.8419904375811356 0.35940246045694196 0.16588468322494024 0.11423550087873462
0 0.9085956513002402 0.507908611599297 0.14326404460335737 0.11247803163444643
0 0.6836459672300563 0.5659050966608083 0.15080425747721826 0.08084358523725832
0 0.20609915188553166 0.17838312829525482 0.16085787464236617 0.10017574692442884
0 0.16462798107929666 0.34885764499121263 0.16839808751622712 0.09666080843585234
0 0.310405429973941 0.5579964850615114 0.1683980875162271 0.10720562390158171
0 0.10430627808840934 0.5070298769771528 0.16337127893365316 0.11423550087873473
2 0.7464810745122307 0.8084358523725834 0.4021446866059154 0.319859402460457
2 0.26013734414820155 0.8216168717047452 0.43984575097522 0.2829525483304043
1 0.5051942625486813 0.5061511423550088 0.884718310533014 0.9279437609841829
