2 0.6630952403620044 0.49384885764499126 0.5647169484393177 0.32688927943760987
1 0.6924809639233264 0.4850615114235499 0.3066336371616207 0.41124780316344434
0 0.4022102057757624 0.37723436055508797 0.04283895682818773 0.03055500359517801
0 0.5529398686897562 0.34558810683151064 0.09361105380974344 0.07420500873114683
0 0.437116022450582 0.32703685464872395 0.12217035836186867 0.06765750796075146
0 0.5402468444443672 0.45962374524922894 0.08091802956435458 0.07093125834594914
0 0.591018941425923 0.5441956302001684 0.10630407805513258 0.03710250436557331
0 0.45377561677265504 0.40778936415026606 0.10789070608580609 0.06547500770395309
0 0.44187590654260284 0.4656256209554247 0.10630407805513244 0.048015005649565554
0 0.4387026504812556 0.5190968772469863 0.1126505901778269 0.05892750693355772
0 0.8853384411158793 0.32758247971292354 0.10789070608580616 0.05565375654836004
0 0.8123535517048929 0.3543181078587044 0.09837093790176425 0.06329250744715459
0 0.9234175138520462 0.3886924869032798 0.03173256061347246 0.042558755007569504
0 0.8813718710391953 0.4279774915256516 0.12534361442321582 0.049106255777964805
0 0.8432927983030285 0.46016937031342847 0.09995756593243797 0.061110007190356086
0 0.8900983252079001 0.5190968772469863 0.10789070608580602 0.05456250641996099
0 0.8123535517048929 0.5452868803285675 0.09202442577906993 0.06329250744715459
