2 0.2480227488374071 0.8137996219281664 0.3982337094009072 0.34971644612476377
2 0.7335884120543028 0.8024574669187146 0.4098779699097055 0.33837429111531186
1 0.5041964800309732 0.5066162570888469 0.9059234675845199 0.9224952741020794
0 0.7044777607823066 0.17296786389413987 0.19795242864957374 0.10396975425330814
0 0.7417393944104618 0.27977315689981097 0.1700062034284575 0.09073724007561439
0 0.7545480809701399 0.42438563327032136 0.1816504639372559 0.1266540642722117
0 0.761534637275419 0.5529300567107751 0.1769927597337366 0.10396975425330815
0 0.6311189195768763 0.7107750472589791 0.18630816814077528 0.1285444234404538
0 0.3376835547551552 0.6814744801512288 0.13041571769854268 0.11909262759924381
0 0.256173731193566 0.5340264650283554 0.16301964712317837 0.11909262759924388
0 0.24685832278652725 0.37901701323251413 0.1816504639372559 0.1228733459357278
0 0.21541881941277147 0.24480151228733463 0.15603309081789932 0.1077504725897921
0 0.30042192112700017 0.167296786389414 0.19562357654781404 0.09640831758034028
