2 0.24786657673510687 0.8132871032137224 0.3979829396405016 0.34949622570402866
2 0.733126465945965 0.8019521494643796 0.4096198846201326 0.3381612077747108
1 0.5038789701784706 0.5062972428796169 0.9053529347576891 0.9219143423246912
0 0.7040341207189968 0.17285894319712802 0.1978277546557562 0.10390427486126856
0 0.741272317098441 0.2795969805632229 0.1698991418153922 0.09068009529956132
0 0.7540729600204571 0.4241184110270439 0.18153612123924237 0.12657430269740733
0 0.761055078786329 0.5525818833793376 0.1768812605812641 0.1039042989287592
0 0.6307214603467127 0.7103274051574001 0.18619080967612514 0.12846347235229363
0 0.3374708877460144 0.6810453557316312 0.13033358399539716 0.11901765616784964
0 0.2560124106654733 0.5336901868304745 0.16291700582741075 0.11901765616784964
0 0.24670287879272185 0.3787783393097726 0.18153608679502328 0.12279599547762224
0 0.21528315490309324 0.24464735799282006 0.15593483539521022 0.1076826382385318
0 0.30023276025500845 0.1671914342324691 0.19550039321520526 0.09634761228671711
