0 0.6727846019827431 0.17580340264650285 0.13021637457730514 0.08317580340264649
0 0.7230435535739838 0.29206049149338376 0.1302163745773052 0.06616257088846886
0 0.7493152782694051 0.4130434782608695 0.13706986797611065 0.08884688090737235
0 0.7470307804698032 0.5255198487712666 0.13706986797611065 0.08695652173913039
0 0.616814405892498 0.7466918714555766 0.12793187677770335 0.08317580340264655
0 0.3700886435354988 0.7315689981096409 0.13706986797611065 0.08317580340264655
0 0.3015537095474435 0.5170132325141777 0.15991484597212918 0.09262759924385641
0 0.3072649540464481 0.4102079395085066 0.13021637457730517 0.07561436672967865
0 0.2707129892528186 0.2844990548204159 0.1347853701765088 0.07750472589792057
0 0.3129761985454527 0.18147448015122872 0.1370698679761107 0.08317580340264648
2 0.24215676675779554 0.8109640831758036 0.4294855863251469 0.32136105860113423
2 0.7573110205680115 0.8137996219281664 0.43633907972395236 0.3308128544423441
1 0.512869756010614 0.5075614366729679 0.9206526132395433 0.947069943289225
