0 0.6719787185256546 0.17527473295057142 0.13014607816129117 0.08241759119807063
0 0.7224435548524599 0.29120878271154454 0.13014607816129117 0.06593407811345281
0 0.7483399880898965 0.4120879302153716 0.13678617735166806 0.08791209555960991
0 0.7456839277937606 0.5247253211768897 0.13678617735166806 0.08681317922231313
0 0.6162018647065034 0.745604386200776 0.12749006941511826 0.0824175654230891
0 0.3698539218387088 0.7302197636784734 0.13678617735166806 0.0824175654230891
0 0.3001328030148068 0.5164835130846178 0.15936253521893476 0.09230773513381546
0 0.3067729022051837 0.40879120697846283 0.13014607816129117 0.07472527993691934
0 0.2702523308831292 0.2835164972253748 0.1341301428305136 0.07692308683653136
0 0.3127489863215266 0.1807692373121107 0.1367862031266496 0.08241759119807063
2 0.24103587382548564 0.8098901284707559 0.4289508768030115 0.3208791371938345
2 0.7556441023543075 0.8137362712138408 0.43559100176836996 0.3307692553545978
1 0.5119522197826488 0.5060439754176784 0.9203187066155512 0.9461538984968856
