2 0.25817983456784194 0.8147448015122873 0.4406629637126517 0.2948960302457466
2 0.7434497854047804 0.8062381852551985 0.40551806476624386 0.32703213610586007
0 0.9137673726066029 0.5075614366729678 0.1351726882554145 0.1153119092627599
0 0.6853255294549521 0.5623818525519849 0.14868995708095603 0.0888468809073725
0 0.3108971829874536 0.5595463137996219 0.156800318376281 0.1058601134215501
0 0.10002778930900683 0.5122873345935727 0.14598650331584778 0.10964083175803402
0 0.16491067967160583 0.3449905482041588 0.16220722590649753 0.11153119092627602
0 0.20816593991333854 0.17580340264650282 0.18383485602736388 0.10586011342155009
0 0.842125847831233 0.19470699432892247 0.14868995708095625 0.12854442344045366
0 0.8461810284788956 0.3544423440453686 0.15680031837628106 0.11909262759924392
1 0.5096010347229132 0.5141776937618148 0.8894362887206283 0.9376181474480151
