2 0.2572595291778821 0.8140862925232306 0.44010891099603905 0.29441619065045826
2 0.7422867462414653 0.8055203004669997 0.40471865015537467 0.32677663270907586
0 0.9128856498654149 0.507296964253039 0.13430127910539216 0.11484771542053844
0 0.6846642587699142 0.5621827042029978 0.14791284555814513 0.0888324745318069
0 0.3103448135846135 0.5590101813104633 0.15607984526818539 0.10532996028115453
0 0.09891107169186034 0.5114213123826534 0.14519056218678877 0.10913701261376654
0 0.16424682360737264 0.3442258815415765 0.16152449749431022 0.11104060093399949
0 0.20780397730381214 0.17512689345723015 0.1833030850279565 0.10532994474267279
0 0.8416515531994048 0.19416243481296144 0.1479128882998512 0.1281725850464613
0 0.8457350103127188 0.3537436677579239 0.15607988800989145 0.11865479883011393
1 0.5090744061296394 0.5136421343459617 0.8892921426383054 0.9371827042029978
